foil_ball
t	x	v_{x}
9.800888889E-1	-1.258545364E-1	-3.996115562E0
1.050700000E0	1.008869957E-1	-1.646073044E0
1.096377778E0	1.682276090E-1	-3.210161868E-1
1.088077778E0	1.687991687E-1	-1.823338322E-1
1.092233333E0	1.686655125E-1	-6.886262078E-2
1.100555556E0	1.659939444E-1	-6.355991796E-2
6.810777778E-1	-6.049797844E-1	-1.978115472E-2
6.769333333E-1	-6.047557311E-1	-1.453493455E-2
6.935555556E-1	-6.047616211E-1	6.669208684E-3
6.893888889E-1	-6.047425056E-1	1.907247073E-2
6.977111111E-1	-6.046870030E-1	2.642926457E-2
6.727888889E-1	-6.048593060E-1	2.832600027E-2
6.852444444E-1	-6.049201345E-1	2.854958807E-2
1.083933333E0	1.701788833E-1	8.510206112E-2
1.079766667E0	1.680918760E-1	1.504793516E-1
1.021711111E0	3.388675739E-3	2.428166705E-1
7.101666667E-1	-5.970470540E-1	2.522011456E-1
7.143111111E-1	-5.958812236E-1	5.257639326E-1
7.226333333E-1	-5.900562822E-1	6.289111916E-1
7.267777778E-1	-5.874562626E-1	6.872515431E-1
7.184666667E-1	-5.926832134E-1	6.999261997E-1
7.309222222E-1	-5.843597306E-1	7.293486410E-1
7.434000000E-1	-5.746943560E-1	7.629595918E-1
7.350777778E-1	-5.814026689E-1	7.944400814E-1
7.392333333E-1	-5.777570508E-1	8.060723034E-1
7.475333333E-1	-5.714244862E-1	8.082214841E-1
7.018555556E-1	-6.045422582E-1	8.094821566E-1
1.075611111E0	1.689265607E-1	8.151506431E-1
7.516777778E-1	-5.680040782E-1	8.477998391E-1
7.558444444E-1	-5.643783275E-1	8.729931868E-1
7.060000000E-1	-5.979772954E-1	9.018293761E-1
7.600000000E-1	-5.607388349E-1	9.162104387E-1
7.641555556E-1	-5.567636007E-1	9.295509370E-1
7.683000000E-1	-5.530235621E-1	9.523303521E-1
1.071466667E0	1.613261257E-1	1.029393609E0
7.724555556E-1	-5.488592588E-1	1.047106600E0
7.766111111E-1	-5.443209428E-1	1.119275735E0
7.807666667E-1	-5.395568338E-1	1.179099174E0
7.849888889E-1	-5.344427120E-1	1.224689403E0
7.890666667E-1	-5.293919118E-1	1.262934965E0
8.015222222E-1	-5.120856514E-1	1.277997924E0
8.056777778E-1	-5.073350403E-1	1.307937960E0
7.932333333E-1	-5.240305148E-1	1.377745625E0
7.973666667E-1	-5.179566231E-1	1.441069316E0
8.181333333E-1	-4.878284678E-1	1.502181637E0
8.223000000E-1	-4.812424390E-1	1.571017534E0
8.264444444E-1	-4.747715665E-1	1.588403243E0
8.139888889E-1	-4.937272375E-1	1.613272099E0
8.098444444E-1	-5.012007010E-1	1.637302479E0
8.306111111E-1	-4.680410432E-1	1.677658303E0
8.389222222E-1	-4.537859965E-1	1.684762856E0
8.347444444E-1	-4.608470026E-1	1.715179416E0
8.513666667E-1	-4.318530497E-1	1.773263249E0
8.430666667E-1	-4.468260318E-1	1.782409718E0
8.639111111E-1	-4.091489608E-1	1.790026933E0
8.555222222E-1	-4.242741141E-1	1.791857029E0
8.596666667E-1	-4.169806364E-1	1.802998408E0
8.472000000E-1	-4.390316049E-1	1.803973740E0
1.067344444E0	1.604169069E-1	1.832745098E0
8.679777778E-1	-4.021035236E-1	1.916710210E0
8.721333333E-1	-3.933893435E-1	2.022580035E0
8.845888889E-1	-3.670175423E-1	2.059310243E0
8.887444444E-1	-3.580461937E-1	2.110604658E0
8.929555556E-1	-3.493588167E-1	2.122618764E0
9.053555556E-1	-3.220884954E-1	2.148878057E0
8.762888889E-1	-3.852936362E-1	2.195778431E0
8.804555556E-1	-3.751155875E-1	2.201939024E0
9.012000000E-1	-3.311318567E-1	2.206792512E0
8.970555556E-1	-3.404048733E-1	2.210817251E0
9.095000000E-1	-3.132961688E-1	2.329883535E0
9.219666667E-1	-2.817537554E-1	2.424293222E0
9.261222222E-1	-2.717789014E-1	2.439594724E0
9.302777778E-1	-2.614780125E-1	2.489594744E0
9.178111111E-1	-2.919274718E-1	2.526341717E0
9.344222222E-1	-2.511152651E-1	2.535715189E0
9.136555556E-1	-3.027504621E-1	2.571099911E0
9.427333333E-1	-2.290735095E-1	2.588361359E0
9.468777778E-1	-2.189481772E-1	2.609001625E0
9.385777778E-1	-2.404315765E-1	2.652082892E0
9.551777778E-1	-1.956944431E-1	2.674081435E0
9.676444444E-1	-1.611220110E-1	2.749982339E0
9.593444444E-1	-1.851942081E-1	2.799349327E0
9.510333333E-1	-2.074187960E-1	2.801654711E0
9.925555556E-1	-8.771147885E-2	2.819206965E0
9.717888889E-1	-1.496038864E-1	2.842594023E0
9.759444444E-1	-1.375284806E-1	2.861367473E0
9.634888889E-1	-1.724287398E-1	2.900264707E0
9.967111111E-1	-7.500376296E-2	3.000347824E0
1.009166667E0	-3.718380981E-2	3.030525693E0
1.000944444E0	-6.254189433E-2	3.051199052E0
1.005022222E0	-4.964490862E-2	3.084091360E0
9.842555556E-1	-1.707406411E-1	3.297284176E0
1.038255556E0	5.861859421E-2	3.309321618E0
1.025777778E0	1.612558975E-2	3.312003664E0
1.017466667E0	1.410751342E-2	3.323470066E0
1.029933333E0	3.062070586E-2	3.326046533E0
1.034088889E0	4.376873205E-2	3.364232245E0
1.059011111E0	1.309834520E-1	3.519808573E0
1.063166667E0	1.461143414E-1	3.532014583E0
1.046566667E0	1.305049378E-1	3.568313452E0
1.054855556E0	1.168608213E-1	3.621231375E0
1.013322222E0	-2.449154537E-2	6.179677498E0
1.042411111E0	7.130964196E-2	8.649426370E0
9.884333333E-1	-9.834053173E-2	1.000351352E1
